    .0000 1.000E-03 
   .10000 1.000E-03 
   .22000 1.000E-03 
   .36400 1.000E-03 
   .53680 1.000E-03 
   .74416 9.998E-04 
   .90343 9.996E-04 
  1.09456 9.993E-04 
  1.32391 9.990E-04 
  1.59914 9.986E-04 
  1.92941 9.981E-04 
  2.32573 9.974E-04 
  2.80132 9.965E-04 
  3.37202 9.952E-04 
  4.00465 9.938E-04 
  4.68260 9.920E-04 
  5.32524 9.902E-04 
  5.96410 9.882E-04 
  6.59538 9.861E-04 
  7.21158 9.840E-04 
  7.95102 9.811E-04 
  8.33300 9.796E-04 
  8.93176 9.762E-04 
  9.49938 9.727E-04 
   10.113 9.688E-04 
   10.694 9.647E-04 
   11.195 9.611E-04 
   11.721 9.571E-04 
   12.217 9.532E-04 
   12.725 9.492E-04 
   13.241 9.448E-04 
   13.333 9.440E-04 
   13.817 9.399E-04 
   14.308 9.355E-04 
   14.798 9.311E-04 
   15.290 9.266E-04 
   15.783 9.219E-04 
   16.375 9.156E-04 
   17.040 9.086E-04 
   17.647 9.013E-04 
   18.225 8.945E-04 
   18.886 8.864E-04 
   19.496 8.786E-04 
   20.077 8.713E-04 
   20.697 8.631E-04 
   21.257 8.557E-04 
   21.666 8.503E-04 
   22.259 8.423E-04 
   22.842 8.341E-04 
   23.379 8.269E-04 
   24.024 8.179E-04 
   24.765 8.069E-04 
   25.417 7.968E-04 
   26.035 7.872E-04 
   26.629 7.781E-04 
   27.250 7.683E-04 
   27.833 7.592E-04 
   28.431 7.499E-04 
   29.035 7.402E-04 
   29.588 7.314E-04 
   29.999 7.249E-04 
   30.586 7.156E-04 
   31.161 7.063E-04 
   31.690 6.981E-04 
   32.311 6.882E-04 
   33.008 6.767E-04 
   33.656 6.661E-04 
   34.298 6.557E-04 
   34.930 6.454E-04 
   35.546 6.357E-04 
   36.193 6.251E-04 
   36.762 6.160E-04 
   37.362 6.067E-04 
   37.980 5.969E-04 
   38.333 5.915E-04 
   38.961 5.816E-04 
   39.542 5.727E-04 
   40.147 5.634E-04 
   40.733 5.545E-04 
   41.437 5.437E-04 
   42.110 5.336E-04 
   42.800 5.233E-04 
   43.444 5.138E-04 
   44.096 5.043E-04 
   44.745 4.950E-04 
   45.383 4.859E-04 
   46.008 4.771E-04 
   46.621 4.685E-04 
   46.666 4.680E-04 
   47.288 4.594E-04 
   47.871 4.517E-04 
   48.576 4.423E-04 
   49.227 4.337E-04 
   49.959 4.240E-04 
   50.636 4.154E-04 
   51.362 4.063E-04 
   52.059 3.976E-04 
   52.725 3.896E-04 
   53.411 3.813E-04 
   54.055 3.738E-04 
   54.716 3.662E-04 
   54.999 3.629E-04 
   55.614 3.560E-04 
   56.317 3.482E-04 
   57.118 3.394E-04 
   57.895 3.311E-04 
   58.629 3.234E-04 
   59.372 3.158E-04 
   60.107 3.084E-04 
   60.823 3.014E-04 
   61.520 2.946E-04 
   62.195 2.882E-04 
   62.850 2.821E-04 
   63.332 2.777E-04 
   64.041 2.713E-04 
   64.726 2.654E-04 
   65.549 2.582E-04 
   66.313 2.518E-04 
   67.119 2.452E-04 
   67.887 2.391E-04 
   68.614 2.334E-04 
   69.350 2.278E-04 
   70.081 2.224E-04 
   70.805 2.171E-04 
   71.522 2.120E-04 
   71.665 2.109E-04 
   72.310 2.065E-04 
   73.066 2.014E-04 
   73.966 1.954E-04 
   74.774 1.903E-04 
   75.592 1.852E-04 
   76.403 1.803E-04 
   77.189 1.756E-04 
   77.947 1.713E-04 
   78.727 1.669E-04 
   79.469 1.628E-04 
   79.998 1.600E-04 
   80.764 1.559E-04 
   81.618 1.516E-04 
   82.511 1.472E-04 
   83.352 1.431E-04 
   84.139 1.394E-04 
   84.919 1.358E-04 
   85.681 1.324E-04 
   86.472 1.290E-04 
   87.227 1.258E-04 
   88.009 1.225E-04 
   88.332 1.212E-04 
   89.230 1.177E-04 
   90.142 1.142E-04 
   90.975 1.111E-04 
   91.831 1.080E-04 
   92.635 1.052E-04 
   93.432 1.025E-04 
   94.213 9.987E-05 
   94.974 9.742E-05 
   95.774 9.491E-05 
   96.560 9.250E-05 
   96.665 9.220E-05 
   97.558 8.953E-05 
   98.391 8.717E-05 
   99.311 8.465E-05 
   100.19 8.230E-05 
   101.01 8.014E-05 
   101.78 7.820E-05 
   102.60 7.615E-05 
   103.35 7.434E-05 
   104.16 7.245E-05 
   104.98 7.060E-05 
   105.00 7.054E-05 
   105.27 6.995E-05 
   105.59 6.924E-05 
   105.97 6.840E-05 
   106.44 6.741E-05 
   106.99 6.624E-05 
   107.66 6.486E-05 
   108.46 6.326E-05 
   109.27 6.169E-05 
   110.06 6.017E-05 
   110.84 5.873E-05 
   111.60 5.737E-05 
   112.40 5.593E-05 
   113.20 5.459E-05 
   113.33 5.437E-05 
   114.04 5.320E-05 
   114.90 5.183E-05 
   115.79 5.046E-05 
   116.60 4.922E-05 
   117.35 4.812E-05 
   118.14 4.698E-05 
   118.90 4.592E-05 
   119.68 4.484E-05 
   119.90 4.454E-05 
   120.16 4.420E-05 
   120.39 4.387E-05 
   120.68 4.352E-05 
   121.02 4.308E-05 
   121.43 4.256E-05 
   121.67 4.226E-05 
   122.49 4.125E-05 
   123.33 4.024E-05 
   124.11 3.934E-05 
   124.93 3.841E-05 
   125.66 3.759E-05 
   126.42 3.678E-05 
   127.18 3.597E-05 
   127.90 3.523E-05 
   128.65 3.447E-05 
   129.49 3.366E-05 
   130.00 3.318E-05 
   130.87 3.238E-05 
   131.65 3.167E-05 
   132.42 3.100E-05 
   133.21 3.032E-05 
   133.94 2.970E-05 
   134.68 2.908E-05 
   135.38 2.854E-05 
   136.14 2.794E-05 
   136.89 2.737E-05 
   137.70 2.678E-05 
   138.33 2.632E-05 
   139.11 2.577E-05 
   139.83 2.528E-05 
   140.57 2.477E-05 
   141.30 2.429E-05 
   142.01 2.384E-05 
   142.69 2.340E-05 
   143.35 2.300E-05 
   144.05 2.258E-05 
   144.73 2.217E-05 
   145.49 2.174E-05 
   146.20 2.134E-05 
   146.66 2.109E-05 
   147.42 2.068E-05 
   148.10 2.032E-05 
   148.83 1.994E-05 
   149.46 1.963E-05 
   150.19 1.927E-05 
   150.86 1.894E-05 
   151.49 1.864E-05 
   152.13 1.834E-05 
   152.81 1.803E-05 
   153.53 1.771E-05 
   154.27 1.739E-05 
   154.99 1.709E-05 
   155.00 1.709E-05 
   155.07 1.706E-05 
   155.16 1.702E-05 
   155.27 1.697E-05 
   155.40 1.692E-05 
   155.55 1.685E-05 
   155.74 1.678E-05 
   155.96 1.669E-05 
   156.23 1.658E-05 
   156.55 1.645E-05 
   156.94 1.630E-05 
   157.40 1.611E-05 
   157.96 1.590E-05 
   158.60 1.565E-05 
   159.24 1.541E-05 
   159.88 1.518E-05 
   160.12 1.509E-05 
   160.41 1.499E-05 
   160.76 1.486E-05 
   161.18 1.472E-05 
   161.69 1.455E-05 
   162.29 1.434E-05 
   162.94 1.413E-05 
   163.33 1.400E-05 
   163.94 1.380E-05 
   164.61 1.359E-05 
   165.21 1.340E-05 
   165.84 1.321E-05 
   166.44 1.303E-05 
   167.01 1.286E-05 
   167.61 1.269E-05 
   168.24 1.251E-05 
   168.86 1.233E-05 
   169.47 1.217E-05 
   170.16 1.199E-05 
   170.79 1.182E-05 
   171.41 1.166E-05 
   171.66 1.159E-05 
   172.24 1.145E-05 
   172.87 1.130E-05 
   173.47 1.115E-05 
   174.07 1.100E-05 
   174.65 1.087E-05 
   175.23 1.073E-05 
   175.79 1.060E-05 
   176.38 1.047E-05 
   176.92 1.035E-05 
   177.58 1.021E-05 
   178.31 1.006E-05 
   179.02 9.910E-06 
   179.70 9.773E-06 
   180.00 9.714E-06 
   180.62 9.590E-06 
   181.16 9.484E-06 
   181.81 9.359E-06 
   182.47 9.235E-06 
   183.13 9.112E-06 
   183.80 8.989E-06 
   184.01 8.952E-06 
   184.25 8.908E-06 
   184.55 8.856E-06 
   184.90 8.795E-06 
   185.32 8.721E-06 
   185.83 8.635E-06 
   186.45 8.532E-06 
   187.18 8.410E-06 
   188.06 8.267E-06 
   188.33 8.225E-06 
   191.38 7.770E-06 
   195.03 7.266E-06 
   196.66 7.054E-06 
   200.00 6.641E-06 
   208.34 5.731E-06 
   214.46 5.157E-06 
   221.79 4.554E-06 
   228.52 4.072E-06 
   230.00 3.974E-06 
   239.19 3.423E-06 
   240.00 3.379E-06 
   249.37 2.914E-06 
   256.51 2.608E-06 
   265.09 2.291E-06 
   272.88 2.038E-06 
   282.24 1.778E-06 
   290.30 1.581E-06 
   299.98 1.379E-06 
   300.00 1.377E-06 
